Pour alpha = 1
Vecteur de personnalisation équitable: Bott.txt

0.048315057408350535
0.08703818326169745
0.10470983671241307
0.12946099417770857
0.07280030290886556
0.03583360500678183
0.03204310303421387
0.10542535826644595
0.17299143674603745
0.07216380031910025
0.13921832215838492

Somme : 1

Vecteur de personnalisation équitable: Coleman.txt

0.0014978994667091902
0.0014978994667091902
0.0014978994667091902
0.0025244688040941005, 
0.0020659047795304614, 
0.003697140358227979, 
0.006512542787174697, 
0.006512542787174697, 
0.002171954059403852, 
0.005891507550954083, 
0.004271079424466581, 
0.0040880919883287134, 
0.0037947954873551984, 
0.004698164228885762, 
0.0024415758964817153, 
0.006574078609210979, 
0.01114365695410135, 
0.005822037394260009, 
0.005703164850869505, 
0.012218009709979839, 
0.021280657338488093, 
0.021965979737165544, 
0.0014978994667091902,
0.0014978994667091902, 
0.0014978994667091902, 
0.002143810149719541, 
0.0025244688040941005, 
0.0026394548096621544, 
0.0026394548096621544, 
0.011781871221051912, 
0.014645436324533592, 
0.0028707150299992334, 
0.0031950542796449584, 
0.0035975874547482163, 
0.012827188521387731, 
0.00467219777086208, 
0.012354743279487167, 
0.011014992273538854, 
0.006341976172997825, 
0.01267982009680413, 
0.010235555880978664, 
0.009483736451218147, 
0.011970455316655068, 
0.004756955824965093, 
0.01013840333019071, 
0.00425836865927665, 
0.014484740631418868, 
0.02005233704010326, 
0.011963315045411056, 
0.019930048053120642, 
0.015445821637200208, 
0.023452003719350464, 
0.019085088884541083, 
0.018479839695670942, 
0.017900367647547273, 
0.0014978994667091902, 
0.003322811181929535, 
0.01990523263732568, 
0.0035975874547482163, 
0.03153451931545597, 
0.025138295258958814, 
0.03231978129642849, 
0.039101887605146435, 
0.039614355045900954, 
0.05114399311302256, 
0.052780023893961185, 
0.052357632785954004, 
0.03372431150042024, 
0.054706764019506415, 
0.03702982815320795, 
0.05929871997565018, 
0.0014978994667091902, 
0.0014978994667091902

Somme : 1